Initial values for each sell is assigned as in *.Val file

1st Matrix is the zero plane, which indicate wheater a 
tree is in this cell or not and what type of tree 
  0 ----->>>  no tree
  1 ----->>>  Locast tree
  2 ----->>>  Pine tree
  3 ----->>>  Oak tree
 
  there are 2 seeds in each plant is planted in cells
  (1,0) = 1 ---->>> locast tree  
  (3,8) = 1 ---->>> locast tree
  (4,7) = 2 ---->>> pine tree
  (8,5) = 2 ---->>> pine tree
  (3,7) = 3 ---->>> Oak tree
  (6,2) = 3 ---->>> Oak tree

2nd Matrix is the first plane that indicates the water 
resource. Initially all the cells except row 2 (index 1) 
are initialized with 10 units of water. The same methodology 
is followed to initialize the third and fourth matrixes. 
Whereas the fifth matrix, indicating the height of the tree
is initialized to zero. These scenarios are illustrated in 
the matrix representation below.

Line : 1392 - Time: 00:00:00:000
        0   1   2   3   4   5   6   7   8   9         0   1   2   3   4   5   6   7   8   9         0   1   2   3   4   5   6   7   8   9         0   1   2   3   4   5   6   7   8   9         0   1   2   3   4   5   6   7   8   9         0   1   2   3   4   5   6   7   8   9 
    +----------------------------------------+    +----------------------------------------+    +----------------------------------------+    +----------------------------------------+    +----------------------------------------+    +----------------------------------------+
   0|   0   0   0   0   0   0   0   0   0   0|   0|  10  10  10  10  10  10  10  10  10  10|   0| 100 100 100 100 100 100 100 100 100 100|   0| 100 100 100 100 100 100 100 100 100 100|   0|   5   5   5   5   5   5   5   5   5   5|   0|   0   0   0   0   0   0   0   0   0   0|
   1|   1   0   0   0   0   0   0   0   0   0|   1|  10   0   0   0   0   0   0   0   0   0|   1| 100   0   0   0   0   0   0   0   0   0|   1| 100   0   0   0   0   0   0   0   0   0|   1|   5   0   0   0   0   0   0   0   0   0|   1|   0   0   0   0   0   0   0   0   0   0|
   2|   0   0   0   0   0   0   0   0   0   0|   2|  10  10  10  10  10  10  10  10  10  10|   2| 100 100 100 100 100 100 100 100 100 100|   2| 100 100 100 100 100 100 100 100 100 100|   2|   5   5   5   5   5   5   5   5   5   5|   2|   0   0   0   0   0   0   0   0   0   0|
   3|   0   0   0   0   0   0   0   3   1   0|   3|  10  10  10  10  10  10  10  10  10  10|   3| 100 100 100 100 100 100 100 100 100 100|   3| 100 100 100 100 100 100 100 100 100 100|   3|   5   5   5   5   5   5   5   5   5   5|   3|   0   0   0   0   0   0   0   0   0   0|
   4|   0   0   0   0   0   0   0   2   0   0|   4|  10  10  10  10  10  10  10  10  10  10|   4| 100 100 100 100 100 100 100 100 100 100|   4| 100 100 100 100 100 100 100 100 100 100|   4|   5   5   5   5   5   5   5   5   5   5|   4|   0   0   0   0   0   0   0   0   0   0|
   5|   0   0   0   0   0   0   0   0   0   0|   5|  10  10  10  10  10  10  10  10  10  10|   5| 100 100 100 100 100 100 100 100 100 100|   5| 100 100 100 100 100 100 100 100 100 100|   5|   5   5   5   5   5   5   5   5   5   5|   5|   0   0   0   0   0   0   0   0   0   0|
   6|   0   0   3   0   0   0   0   0   0   0|   6|  10  10  10  10  10  10  10  10  10  10|   6| 100 100 100 100 100 100 100 100 100 100|   6| 100 100 100 100 100 100 100 100 100 100|   6|   5   5   5   5   5   5   5   5   5   5|   6|   0   0   0   0   0   0   0   0   0   0|
   7|   0   0   0   0   0   0   0   0   0   0|   7|  10  10  10  10  10  10  10  10  10  10|   7| 100 100 100 100 100 100 100 100 100 100|   7| 100 100 100 100 100 100 100 100 100 100|   7|   5   5   5   5   5   5   5   5   5   5|   7|   0   0   0   0   0   0   0   0   0   0|
   8|   0   0   0   0   0   2   0   0   0   0|   8|  10  10  10  10  10  10  10  10  10  10|   8| 100 100 100 100 100 100 100 100 100 100|   8| 100 100 100 100 100 100 100 100 100 100|   8|   5   5   5   5   5   5   5   5   5   5|   8|   0   0   0   0   0   0   0   0   0   0|
   9|   0   0   0   0   0   0   0   0   0   0|   9|  10  10  10  10  10  10  10  10  10  10|   9| 100 100 100 100 100 100 100 100 100 100|   9| 100 100 100 100 100 100 100 100 100 100|   9|   5   5   5   5   5   5   5   5   5   5|   9|   0   0   0   0   0   0   0   0   0   0|
    +----------------------------------------+    +----------------------------------------+    +----------------------------------------+    +----------------------------------------+    +----------------------------------------+    +----------------------------------------+


Matrix 1: NO CHANGES
Matrix 2, 3, 4, 5: New resources are inserted into the bottom
row by the uniform distribution function. Which are then
evenly distributed as specified in the rules.
Matrix 6: The planted seeds have started to grow and their 
heights are indicated in the matrix.


Line : 2979 - Time: 00:00:01:000
        0   1   2   3   4   5   6   7   8   9         0   1   2   3   4   5   6   7   8   9         0   1   2   3   4   5   6   7   8   9         0   1   2   3   4   5   6   7   8   9         0   1   2   3   4   5   6   7   8   9         0   1   2   3   4   5   6   7   8   9 
    +----------------------------------------+    +----------------------------------------+    +----------------------------------------+    +----------------------------------------+    +----------------------------------------+    +----------------------------------------+
   0|   0   0   0   0   0   0   0   0   0   0|   0|   8   8   7   7   7   7   7   7   7   8|   0|  78  78  67  67  67  67  67  67  67  78|   0|  78  78  67  67  67  67  67  67  67  78|   0|   4   4   3   3   3   3   3   3   3   4|   0|   0   0   0   0   0   0   0   0   0   0|
   1|   1   0   0   0   0   0   0   0   0   0|   1|  15   8   7   7   7   7   7   7   7   8|   1| 160  78  67  67  67  67  67  67  67  78|   1| 168  78  67  67  67  67  67  67  67  78|   1|   7   4   3   3   3   3   3   3   3   4|   1|   5   0   0   0   0   0   0   0   0   0|
   2|   0   0   0   0   0   0   0   0   0   0|   2|   8   8   7   7   7   7   7   7   7   8|   2|  78  78  67  67  67  67  67  67  67  78|   2|  78  78  67  67  67  67  67  67  67  78|   2|   4   4   3   3   3   3   3   3   3   4|   2|   0   0   0   0   0   0   0   0   0   0|
   3|   0   0   0   0   0   0   0   3   1   0|   3|  10  10  10  10  10  10  10  15  17  10|   3| 100 100 100 100 100 100 100 180 182 100|   3| 100 100 100 100 100 100 100 100 190 100|   3|   5   5   5   5   5   5   5   6   8   5|   3|   0   0   0   0   0   0   0   6   5   0|
   4|   0   0   0   0   0   0   0   2   0   0|   4|  10  10  10  10  10  10  10  16  10  10|   4| 100 100 100 100 100 100 100 185 100 100|   4| 100 100 100 100 100 100 100 185 100 100|   4|   5   5   5   5   5   5   5   7   5   5|   4|   0   0   0   0   0   0   0   4   0   0|
   5|   0   0   0   0   0   0   0   0   0   0|   5|  10  10  10  10  10  10  10  10  10  10|   5| 100 100 100 100 100 100 100 100 100 100|   5| 100 100 100 100 100 100 100 100 100 100|   5|   5   5   5   5   5   5   5   5   5   5|   5|   0   0   0   0   0   0   0   0   0   0|
   6|   0   0   3   0   0   0   0   0   0   0|   6|  10  10  15  10  10  10  10  10  10  10|   6| 100 100 180 100 100 100 100 100 100 100|   6| 100 100 100 100 100 100 100 100 100 100|   6|   5   5   6   5   5   5   5   5   5   5|   6|   0   0   6   0   0   0   0   0   0   0|
   7|   0   0   0   0   0   0   0   0   0   0|   7|  10  10  10  10  10  10  10  10  10  10|   7| 100 100 100 100 100 100 100 100 100 100|   7| 100 100 100 100 100 100 100 100 100 100|   7|   5   5   5   5   5   5   5   5   5   5|   7|   0   0   0   0   0   0   0   0   0   0|
   8|   0   0   0   0   0   2   0   0   0   0|   8|  10  10  10  10  10  16  10  10  10  10|   8| 100 100 100 100 100 185 100 100 100 100|   8| 100 100 100 100 100 185 100 100 100 100|   8|   5   5   5   5   5   7   5   5   5   5|   8|   0   0   0   0   0   4   0   0   0   0|
   9|   0   0   0   0   0   0   0   0   0   0|   9|  20  21  16  21  18  22  22  20  16  16|   9| 146 131 123 140 121 118 147 135 133 119|   9| 144 111 120 121 129 128 139 129 116 124|   9|  17  16  13  17  16  12  13  16  17  15|   9|   0   0   0   0   0   0   0   0   0   0|
    +----------------------------------------+    +----------------------------------------+    +----------------------------------------+    +----------------------------------------+    +----------------------------------------+    +----------------------------------------+

In general, during this step, the resources are distributed
among cells and the trees are continuring to grow by 
consuming the resources. The tree height increases (observable)
in the matrix. The consumed resources are subtracted from the 
available resources in each cell.
 

Line : 5108 - Time: 00:00:02:000
        0   1   2   3   4   5   6   7   8   9         0   1   2   3   4   5   6   7   8   9         0   1   2   3   4   5   6   7   8   9         0   1   2   3   4   5   6   7   8   9         0   1   2   3   4   5   6   7   8   9         0   1   2   3   4   5   6   7   8   9 
    +----------------------------------------+    +----------------------------------------+    +----------------------------------------+    +----------------------------------------+    +----------------------------------------+    +----------------------------------------+
   0|   0   0   0   0   0   0   0   0   0   0|   0|  12  12  11  10  11  11  12  11  10  11|   0| 105 103  91  87  86  87  89  91  90 103|   0| 104 101  86  86  86  88  88  87  88 102|   0|   8   8   7   7   7   7   7   7   8   8|   0|   0   0   0   0   0   0   0   0   0   0|
   1|   1   0   0   0   0   0   0   0   0   0|   1|  20   8   7   7   7   7   7   7   7   8|   1| 229  83  70  67  67  67  67  67  70  83|   1| 246  84  70  67  67  67  67  67  70  84|   1|   9   4   4   3   3   3   3   3   4   4|   1|  10   0   0   0   0   0   0   0   0   0|
   2|   0   0   0   0   0   0   0   0   0   0|   2|   9   9   8   8   8   8   8   9   9  10|   2|  94  92  80  78  78  78  87  96  98 101|   2|  95  93  80  78  78  78  78  88  90 103|   2|   5   4   4   4   4   4   4   4   4   5|   2|   0   0   0   0   0   0   0   0   0   0|
   3|   0   0   0   0   0   0   0   3   1   0|   3|   9   9   9   9   9   9  10  21  25  10|   3|  93  91  90  89  89  89 107 276 282 100|   3|  93  91  90  89  89  89  98 108 290 101|   3|   5   5   5   4   4   4   5   7  11   5|   3|   0   0   0   0   0   0   0  12  10   0|
   4|   0   0   0   0   0   0   0   2   0   0|   4|  10  10  10  10  10  10  11  24  12  11|   4| 100 100 100 100 100 100 118 297 127 109|   4| 100 100 100 100 100 100 109 289 119 110|   4|   5   5   5   5   5   5   5  10   6   5|   4|   0   0   0   0   0   0   0   8   0   0|
   5|   0   0   0   0   0   0   0   0   0   0|   5|  10  11  11  11  10  10  11  11  11  10|   5| 100 109 109 109 100 100 109 109 109 100|   5| 100 100 100 100 100 100 109 109 109 100|   5|   5   5   5   5   5   5   5   5   5   5|   5|   0   0   0   0   0   0   0   0   0   0|
   6|   0   0   3   0   0   0   0   0   0   0|   6|  10  11  21  11  10  10  10  10  10  10|   6| 100 109 269 109 100 100 100 100 100 100|   6| 100 100 100 100 100 100 100 100 100 100|   6|   5   5   7   5   5   5   5   5   5   5|   6|   0   0  12   0   0   0   0   0   0   0|
   7|   0   0   0   0   0   0   0   0   0   0|   7|  10  11  11  11  11  11  11  10  10  10|   7| 100 109 109 109 109 109 109 100 100 100|   7| 100 100 100 100 109 109 109 100 100 100|   7|   5   5   5   5   5   5   5   5   5   5|   7|   0   0   0   0   0   0   0   0   0   0|
   8|   0   0   0   0   0   2   0   0   0   0|   8|  13  13  13  13  14  26  14  13  12  12|   8| 111 111 110 109 118 289 121 113 110 111|   8| 109 108 106 108 118 290 120 109 108 109|   8|   9   8   8   8   9  12   8   8   9   9|   8|   0   0   0   0   0   8   0   0   0   0|
   9|   0   0   0   0   0   0   0   0   0   0|   9|  22  26  22  24  22  28  21  22  21  20|   9| 150 140 139 114 127 138 153 117 142 121|   9| 127 137 111 141 135 134 132 135 148 138|   9|  19  17  17  19  19  17  18  19  17  19|   9|   0   0   0   0   0   0   0   0   0   0|
    +----------------------------------------+    +----------------------------------------+    +----------------------------------------+    +----------------------------------------+    +----------------------------------------+    +----------------------------------------+

Same as previous step.

Line : 7496 - Time: 00:00:03:000
        0   1   2   3   4   5   6   7   8   9         0   1   2   3   4   5   6   7   8   9         0   1   2   3   4   5   6   7   8   9         0   1   2   3   4   5   6   7   8   9         0   1   2   3   4   5   6   7   8   9         0   1   2   3   4   5   6   7   8   9 
    +----------------------------------------+    +----------------------------------------+    +----------------------------------------+    +----------------------------------------+    +----------------------------------------+    +----------------------------------------+
   0|   0   0   0   0   0   0   0   0   0   0|   0|  16  16  14  13  14  14  14  13  13  15|   0| 124 123  99  94  93  98  97  98  98 121|   0| 125 119  98  94  97  96  96  98 102 123|   0|  11  10  10  10  10   9   9  10  10  11|   0|   0   0   0   0   0   0   0   0   0   0|
   1|   1   0   0   0   0   0   0   0   0   0|   1|  29  11   9   9   8   9   9   9   9  11|   1| 321 105  83  78  77  78  81  84  89 108|   1| 348 107  83  78  77  77  79  80  87 109|   1|  13   6   5   5   5   5   5   5   5   6|   1|  15   0   0   0   0   0   0   0   0   0|
   2|   0   0   0   0   0   0   0   0   0   0|   2|  10  10   8   8   8   8   9  11  12  12|   2| 107 103  82  79  78  81 104 128 130 128|   2| 110 105  82  79  78  79  82 106 111 130|   2|   5   5   4   4   4   4   4   5   5   6|   2|   0   0   0   0   0   0   0   0   0   0|
   3|   0   0   0   0   0   0   0   3   1   0|   3|  10   9   9   9   9   9  12  30  37  12|   3|  98  93  91  89  89  94 139 422 429 123|   3|  98  94  91  89  89  91 115 141 424 122|   3|   5   5   5   4   4   5   5   9  16   6|   3|   0   0   0   0   0   0   0  18  15   0|
   4|   0   0   0   0   0   0   0   2   0   0|   4|  10  10  10  10  10  10  13  35  15  12|   4| 100  99 100  98  97 101 145 453 168 125|   4|  99  97  97  96  96  99 124 424 149 125|   4|   5   5   5   5   5   5   6  13   7   6|   4|   0   0   0   0   0   0   0  12   0   0|
   5|   0   0   0   0   0   0   0   0   0   0|   5|  10  11  11  11  10  10  12  12  12  10|   5| 103 122 124 122 102 103 126 130 128 105|   5| 101 100 100 100 100 102 124 127 126 104|   5|   5   5   5   5   5   5   6   6   6   5|   5|   0   0   0   0   0   0   0   0   0   0|
   6|   0   0   3   0   0   0   0   0   0   0|   6|  10  11  27  12  10  10  10  10  10  10|   6| 103 124 376 125 105 104 104 104 102 101|   6| 100 100 100 101 102 104 104 104 102 101|   6|   5   5   8   5   5   5   5   5   5   5|   6|   0   0  18   0   0   0   0   0   0   0|
   7|   0   0   0   0   0   0   0   0   0   0|   7|  11  12  12  13  13  13  13  11  11  11|   7| 106 125 127 127 128 128 127 106 104 103|   7| 103 103 102 105 126 129 126 105 103 103|   7|   6   6   6   6   7   7   7   6   6   6|   7|   0   0   0   0   0   0   0   0   0   0|
   8|   0   0   0   0   0   2   0   0   0   0|   8|  15  16  16  16  18  40  17  15  15  15|   8| 117 120 117 116 136 415 139 118 113 116|   8| 114 111 112 114 138 415 138 118 116 115|   8|  11  10  10  11  11  20  11  11  11  11|   8|   0   0   0   0   0  12   0   0   0   0|
   9|   0   0   0   0   0   0   0   0   0   0|   9|  26  26  24  29  28  27  28  23  25  27|   9| 136 151 135 133 177 155 182 142 137 128|   9| 155 158 151 146 180 154 157 161 162 130|   9|  21  20  19  23  23  23  22  19  22  23|   9|   0   0   0   0   0   0   0   0   0   0|
    +----------------------------------------+    +----------------------------------------+    +----------------------------------------+    +----------------------------------------+    +----------------------------------------+    +----------------------------------------+

Same as previous step.

Line : 9918 - Time: 00:00:04:000
        0   1   2   3   4   5   6   7   8   9         0   1   2   3   4   5   6   7   8   9         0   1   2   3   4   5   6   7   8   9         0   1   2   3   4   5   6   7   8   9         0   1   2   3   4   5   6   7   8   9         0   1   2   3   4   5   6   7   8   9 
    +----------------------------------------+    +----------------------------------------+    +----------------------------------------+    +----------------------------------------+    +----------------------------------------+    +----------------------------------------+
   0|   0   0   0   0   0   0   0   0   0   0|   0|  20  19  17  16  17  17  16  16  16  19|   0| 146 142 111 108 109 115 113 112 112 140|   0| 153 149 115 111 111 113 111 113 117 149|   0|  14  13  12  12  13  12  12  12  12  14|   0|   0   0   0   0   0   0   0   0   0   0|
   1|   1   0   0   0   0   0   0   0   0   0|   1|  40  14  11  10  10  10  11  11  12  14|   1| 441 128  94  85  84  87  94 101 109 136|   1| 480 131  94  85  84  85  88  93 105 138|   1|  19   8   6   6   6   6   6   7   7   8|   1|  20   0   0   0   0   0   0   0   0   0|
   2|   0   0   0   0   0   0   0   0   0   0|   2|  13  12   9   9   8   9  12  15  16  16|   2| 132 120  89  83  83  91 134 178 182 170|   2| 136 124  90  83  82  85  95 136 146 171|   2|   6   6   5   4   4   5   5   7   7   7|   2|   0   0   0   0   0   0   0   0   0   0|
   3|   0   0   0   0   0   0   0   3   1   0|   3|  11  10   9   9   9  10  15  45  53  14|   3| 108  97  93  89  90 103 185 637 645 156|   3| 109  97  92  89  89  95 140 186 606 152|   3|   5   5   5   4   4   5   6  13  22   7|   3|   0   0   0   0   0   0   0  24  20   0|
   4|   0   0   0   0   0   0   0   2   0   0|   4|  10  10  10  10  10  11  16  51  19  14|   4| 108 103 104 101 100 111 190 676 231 153|   4| 105  98  96  95  96 105 150 604 194 150|   4|   5   5   5   5   5   5   7  18   8   7|   4|   0   0   0   0   0   0   0  16   0   0|
   5|   0   0   0   0   0   0   0   0   0   0|   5|  11  12  13  12  10  11  14  14  14  11|   5| 109 139 143 139 106 110 152 162 157 115|   5| 103  99  99  99 100 106 146 154 151 112|   5|   5   5   6   5   5   5   6   6   6   5|   5|   0   0   0   0   0   0   0   0   0   0|
   6|   0   0   3   0   0   0   0   0   0   0|   6|  11  13  36  13  11  11  11  11  11  11|   6| 110 145 508 148 116 114 115 115 109 106|   6| 102 101 101 104 108 113 114 114 108 105|   6|   6   6  10   6   6   6   6   6   6   6|   6|   0   0  24   0   0   0   0   0   0   0|
   7|   0   0   0   0   0   0   0   0   0   0|   7|  12  15  15  15  16  16  16  12  12  12|   7| 113 146 151 151 154 154 150 113 107 107|   7| 106 105 105 111 148 154 149 113 108 106|   7|   7   8   8   8   9   9   8   7   7   7|   7|   0   0   0   0   0   0   0   0   0   0|
   8|   0   0   0   0   0   2   0   0   0   0|   8|  18  18  18  19  22  58  21  18  17  17|   8| 122 126 128 133 168 577 168 130 119 118|   8| 121 123 122 131 167 574 167 132 124 122|   8|  13  12  13  13  15  31  14  13  13  13|   8|   0   0   0   0   0  16   0   0   0   0|
   9|   0   0   0   0   0   0   0   0   0   0|   9|  25  30  32  24  29  29  30  29  23  24|   9| 175 151 142 171 178 190 201 154 152 141|   9| 156 175 158 136 173 186 179 168 139 149|   9|  24  26  22  22  23  27  27  22  24  25|   9|   0   0   0   0   0   0   0   0   0   0|
    +----------------------------------------+    +----------------------------------------+    +----------------------------------------+    +----------------------------------------+    +----------------------------------------+    +----------------------------------------+

Same as previous step.

Line : 12340 - Time: 00:00:05:000
        0   1   2   3   4   5   6   7   8   9         0   1   2   3   4   5   6   7   8   9         0   1   2   3   4   5   6   7   8   9         0   1   2   3   4   5   6   7   8   9         0   1   2   3   4   5   6   7   8   9         0   1   2   3   4   5   6   7   8   9 
    +----------------------------------------+    +----------------------------------------+    +----------------------------------------+    +----------------------------------------+    +----------------------------------------+    +----------------------------------------+
   0|   0   0   0   0   0   0   0   0   0   0|   0|  23  23  19  18  18  19  19  18  18  21|   0| 178 170 126 120 125 130 130 128 129 173|   0| 187 179 128 119 120 125 126 124 130 176|   0|  17  16  14  14  14  15  15  14  14  16|   0|   0   0   0   0   0   0   0   0   0   0|
   1|   1   0   0   0   0   0   0   0   0   0|   1|  55  17  13  12  12  12  13  14  15  18|   1| 596 156 107  94  94 101 114 126 138 174|   1| 651 163 109  95  93  95 102 112 130 177|   1|  28  10   8   8   8   8   8   8   9  10|   1|  25   0   0   0   0   0   0   0   0   0|
   2|   0   0   0   0   0   0   0   0   0   0|   2|  16  14  10   9   9  11  15  21  22  21|   2| 165 145  98  88  88 106 179 252 257 231|   2| 171 150  98  87  86  94 111 177 193 227|   2|   8   7   5   5   5   5   7   9   9  10|   2|   0   0   0   0   0   0   0   0   0   0|
   3|   0   0   0   0   0   0   0   3   1   0|   3|  12  10  10   9   9  11  20  67  77  18|   3| 128 106  98  92  94 121 256 957 963 210|   3| 127 105  96  90  91 104 177 251 857 196|   3|   6   5   5   5   5   5   8  20  30   8|   3|   0   0   0   0   0   0   0  30  25   0|
   4|   0   0   0   0   0   0   0   2   0   0|   4|  11  11  11  10  10  12  21  74  26  18|   4| 121 112 112 107 105 127 259 998 326 198|   4| 114 100  96  95  97 114 187 848 257 187|   4|   5   5   5   5   5   5   8  26  10   8|   4|   0   0   0   0   0   0   0  20   0   0|
   5|   0   0   0   0   0   0   0   0   0   0|   5|  11  14  14  14  11  12  17  18  17  12|   5| 121 163 170 163 116 124 194 212 203 133|   5| 108 100  99 100 103 115 178 193 188 126|   5|   6   6   6   6   5   6   7   8   8   6|   5|   0   0   0   0   0   0   0   0   0   0|
   6|   0   0   3   0   0   0   0   0   0   0|   6|  12  15  47  16  13  13  13  13  12  12|   6| 121 174 673 180 132 130 132 131 121 115|   6| 104 102 103 108 116 126 129 129 119 111|   6|   6   7  13   7   6   7   7   7   6   6|   6|   0   0  30   0   0   0   0   0   0   0|
   7|   0   0   0   0   0   0   0   0   0   0|   7|  14  17  18  18  20  20  19  14  13  13|   7| 122 172 182 184 191 191 182 125 114 112|   7| 110 110 112 122 179 188 181 125 115 111|   7|   9   9   9  10  11  11  11   9   9   9|   7|   0   0   0   0   0   0   0   0   0   0|
   8|   0   0   0   0   0   2   0   0   0   0|   8|  19  20  21  21  25  80  25  20  18  18|   8| 133 139 144 153 208 777 204 144 127 128|   8| 129 130 130 139 198 769 202 142 129 126|   8|  15  15  15  15  17  46  18  15  15  15|   8|   0   0   0   0   0  20   0   0   0   0|
   9|   0   0   0   0   0   0   0   0   0   0|   9|  27  34  33  32  39  37  38  30  32  30|   9| 176 183 175 157 211 226 214 155 146 181|   9| 179 176 153 185 206 246 207 152 163 185|   9|  25  27  28  27  27  28  27  25  26  26|   9|   0   0   0   0   0   0   0   0   0   0|
    +----------------------------------------+    +----------------------------------------+    +----------------------------------------+    +----------------------------------------+    +----------------------------------------+    +----------------------------------------+

Same as previous step.

Line : 14762 - Time: 00:00:06:000
        0   1   2   3   4   5   6   7   8   9         0   1   2   3   4   5   6   7   8   9         0   1   2   3   4   5   6   7   8   9         0   1   2   3   4   5   6   7   8   9         0   1   2   3   4   5   6   7   8   9         0   1   2   3   4   5   6   7   8   9 
    +----------------------------------------+    +----------------------------------------+    +----------------------------------------+    +----------------------------------------+    +----------------------------------------+    +----------------------------------------+
   0|   0   0   0   0   0   0   0   0   0   0|   0|  28  27  22  22  22  23  22  22  22  27|   0| 221 207 143 134 140 150 147 142 150 210|   0| 230 214 145 134 143 147 143 138 150 220|   0|  19  19  17  16  16  16  16  16  17  19|   0|   0   0   0   0   0   0   0   0   0   0|
   1|   1   0   0   0   0   0   0   0   0   0|   1|  75  21  15  13  13  14  16  17  19  23|   1| 799 193 123 104 105 119 141 161 179 227|   1| 872 204 125 104 102 106 118 134 161 227|   1|  39  13  10   9   9   9  10  10  11  14|   1|  30   0   0   0   0   0   0   0   0   0|
   2|   0   0   0   0   0   0   0   0   0   0|   2|  20  17  12  10  11  13  20  29  30  28|   2| 212 178 109  95  98 128 246 360 368 318|   2| 219 186 110  94  93 106 136 234 258 303|   2|  10   9   6   6   6   6   9  12  13  13|   2|   0   0   0   0   0   0   0   0   0   0|
   3|   0   0   0   0   0   0   0   3   1   0|   3|  15  12  10  10  10  13  28 100 112  25|   3| 157 120 106  98 103 148 36214311433 289|   3| 153 117 102  93  95 118 229 3401201 259|   3|   7   6   5   5   5   6  10  30  43  11|   3|   0   0   0   0   0   0   0  36  30   0|
   4|   0   0   0   0   0   0   0   2   0   0|   4|  13  12  11  11  11  14  28 107  36  23|   4| 143 126 125 118 117 155 3611469 467 267|   4| 129 105  98  96 101 130 2411181 345 240|   4|   6   5   5   5   5   6  10  37  14  10|   4|   0   0   0   0   0   0   0  24   0   0|
   5|   0   0   0   0   0   0   0   0   0   0|   5|  13  16  17  16  12  13  21  23  22  15|   5| 140 196 206 195 132 147 256 286 271 162|   5| 117 103 100 102 108 130 224 247 240 146|   5|   6   7   7   7   6   6   9  10   9   7|   5|   0   0   0   0   0   0   0   0   0   0|
   6|   0   0   3   0   0   0   0   0   0   0|   6|  13  18  61  19  15  15  15  15  14  13|   6| 137 211 882 221 157 155 158 157 141 129|   6| 109 105 106 116 129 146 152 151 135 121|   6|   7   8  17   8   8   8   8   8   7   7|   6|   0   0  36   0   0   0   0   0   0   0|
   7|   0   0   0   0   0   0   0   0   0   0|   7|  16  20  21  22  25  25  24  16  15  15|   7| 135 207 222 227 238 239 224 142 124 121|   7| 115 114 117 134 216 232 221 141 123 117|   7|  10  11  11  12  15  15  14  11  10  10|   7|   0   0   0   0   0   0   0   0   0   0|
   8|   0   0   0   0   0   2   0   0   0   0|   8|  21  23  24  25  33 110  31  23  21  21|   8| 150 159 166 178 2551030 246 157 137 138|   8| 140 137 140 158 2481018 246 157 139 139|   8|  16  17  17  18  21  65  21  17  16  16|   8|   0   0   0   0   0  24   0   0   0   0|
   9|   0   0   0   0   0   0   0   0   0   0|   9|  29  36  37  38  44  47  44  36  37  28|   9| 184 204 175 204 248 270 261 197 191 182|   9| 190 166 188 180 266 283 253 168 158 181|   9|  31  28  30  30  31  34  32  26  26  30|   9|   0   0   0   0   0   0   0   0   0   0|
    +----------------------------------------+    +----------------------------------------+    +----------------------------------------+    +----------------------------------------+    +----------------------------------------+    +----------------------------------------+

Same as previous step.

Line : 17198 - Time: 00:00:07:000
        0   1   2   3   4   5   6   7   8   9         0   1   2   3   4   5   6   7   8   9         0   1   2   3   4   5   6   7   8   9         0   1   2   3   4   5   6   7   8   9         0   1   2   3   4   5   6   7   8   9         0   1   2   3   4   5   6   7   8   9 
    +----------------------------------------+    +----------------------------------------+    +----------------------------------------+    +----------------------------------------+    +----------------------------------------+    +----------------------------------------+
   0|   0   0   0   0   0   0   0   0   0   0|   0|  33  32  26  25  26  27  27  26  26  32|   0| 270 250 165 153 164 176 176 174 182 260|   0| 278 259 162 154 163 173 165 158 171 265|   0|  24  23  19  19  19  19  19  18  19  23|   0|   0   0   0   0   0   0   0   0   0   0|
   1|   1   0   0   0   0   0   0   0   0   0|   1| 102  26  18  16  16  17  20  22  24  30|   1|1066 243 143 117 119 141 177 210 235 298|   1|1159 256 146 117 114 121 140 164 203 293|   1|  55  16  12  11  11  11  12  13  14  17|   1|  35   0   0   0   0   0   0   0   0   0|
   2|   0   0   0   0   0   0   0   0   0   0|   2|  26  22  13  12  12  15  28  41  43  39|   2| 277 222 125 105 111 161 344 520 530 442|   2| 282 232 126 102 101 123 169 312 346 406|   2|  13  12   8   7   7   8  11  16  17  18|   2|   0   0   0   0   0   0   0   0   0   0|
   3|   0   0   0   0   0   0   0   3   1   0|   3|  18  14  12  11  11  16  39 149 164  34|   3| 201 142 119 108 118 191 51821332127 406|   3| 190 135 111  98 103 139 302 4631676 345|   3|   9   7   6   5   6   7  14  45  61  14|   3|   0   0   0   0   0   0   0  42  35   0|
   4|   0   0   0   0   0   0   0   2   0   0|   4|  16  13  13  12  12  17  39 156  51  30|   4| 178 147 143 133 135 198 5132158 675 370|   4| 152 114 102 100 108 153 3161638 466 314|   4|   7   6   6   6   6   7  14  52  19  12|   4|   0   0   0   0   0   0   0  28   0   0|
   5|   0   0   0   0   0   0   0   0   0   0|   5|  15  19  20  19  14  16  28  31  30  18|   5| 168 241 253 239 155 182 349 396 372 206|   5| 131 108 104 106 117 151 289 324 312 176|   5|   7   8   8   8   6   7  11  12  12   8|   5|   0   0   0   0   0   0   0   0   0   0|
   6|   0   0   3   0   0   0   0   0   0   0|   6|  15  22  80  23  18  19  19  19  17  15|   6| 160 2601148 276 190 189 196 195 170 151|   6| 116 110 111 125 146 173 183 182 158 136|   6|   8   9  23  10   9  10  10  10   9   8|   6|   0   0  42   0   0   0   0   0   0   0|
   7|   0   0   0   0   0   0   0   0   0   0|   7|  18  24  26  27  32  33  31  20  17  17|   7| 154 252 275 283 300 300 279 165 138 135|   7| 122 120 125 152 266 290 274 163 136 126|   7|  11  13  13  14  19  19  19  13  11  11|   7|   0   0   0   0   0   0   0   0   0   0|
   8|   0   0   0   0   0   2   0   0   0   0|   8|  23  25  27  30  41 148  40  28  24  23|   8| 164 178 194 213 3211349 307 186 154 151|   8| 144 145 148 183 3041335 302 178 147 145|   8|  19  19  19  20  27  90  26  19  18  18|   8|   0   0   0   0   0  28   0   0   0   0|
   9|   0   0   0   0   0   0   0   0   0   0|   9|  41  33  42  44  46  54  45  36  36  33|   9| 217 200 216 231 319 317 306 227 182 195|   9| 214 205 184 222 299 327 331 217 197 185|   9|  29  30  30  29  37  35  36  31  31  31|   9|   0   0   0   0   0   0   0   0   0   0|
    +----------------------------------------+    +----------------------------------------+    +----------------------------------------+    +----------------------------------------+    +----------------------------------------+    +----------------------------------------+

Matrix 1: Indicates the reproduction scenario, since 
enough resources are available and the tree heights have 
reached the required reproduction height as defined in 
the rules.

Line : 19662 - Time: 00:00:08:000
        0   1   2   3   4   5   6   7   8   9         0   1   2   3   4   5   6   7   8   9         0   1   2   3   4   5   6   7   8   9         0   1   2   3   4   5   6   7   8   9         0   1   2   3   4   5   6   7   8   9         0   1   2   3   4   5   6   7   8   9 
    +----------------------------------------+    +----------------------------------------+    +----------------------------------------+    +----------------------------------------+    +----------------------------------------+    +----------------------------------------+
   0|   0   0   0   0   0   0   0   0   0   0|   0|  40  39  29  29  30  31  30  29  29  40|   0| 333 308 191 181 193 211 212 208 218 323|   0| 346 318 190 173 188 204 200 194 206 329|   0|  28  26  21  21  21  22  22  21  22  27|   0|   0   0   0   0   0   0   0   0   0   0|
   1|   1   0   0   0   0   0   0   0   0   0|   1| 137  33  21  18  18  21  25  28  31  39|   1|1417 307 169 134 138 174 231 283 317 396|   1|1530 322 173 132 130 141 170 203 258 378|   1|  75  20  14  12  12  13  14  15  17  22|   1|  40   0   0   0   0   0   0   0   0   0|
   2|   0   0   0   0   0   0   3   3   3   0|   2|  35  28  16  13  14  19  39  59  61  53|   2| 366 282 147 118 130 209 488 755 767 620|   2| 367 293 147 113 113 146 215 419 468 544|   2|  18  15   9   8   8  10  15  23  24  24|   2|   0   0   0   0   0   0   0   0   0   0|
   3|   0   0   0   0   0   0   3   3   1   0|   3|  24  16  13  12  13  21  56 223 239  47|   3| 265 173 138 122 140 254 74831703149 578|   3| 241 161 125 106 114 168 401 6322329 464|   3|  11   8   7   6   6   9  19  69  87  19|   3|   0   0   0   0   0   0   0  48  40   0|
   4|   0   0   0   0   0   0   3   2   3   0|   4|  20  16  15  14  14  21  55 229  74  42|   4| 229 177 170 156 162 262 7373169 983 523|   4| 185 127 109 105 119 186 4192266 635 418|   4|   9   7   6   6   6   9  19  76  26  16|   4|   0   0   0   0   0   0   0  32   0   0|
   5|   0   3   3   3   0   0   0   0   0   0|   5|  18  24  25  24  17  20  38  43  41  23|   5| 209 300 316 297 189 234 486 558 522 272|   5| 151 116 109 113 131 182 379 430 412 218|   5|   8   9   9   9   8   9  15  16  16  10|   5|   0   0   0   0   0   0   0   0   0   0|
   6|   0   3   3   3   0   0   0   0   0   0|   6|  18  27 104  29  22  23  24  23  20  18|   6| 192 3231486 347 235 238 250 251 214 184|   6| 127 116 118 139 170 210 225 224 190 157|   6|   9  11  31  12  11  12  12  12  10  10|   6|   0   0  48   0   0   0   0   0   0   0|
   7|   0   3   3   3   0   0   0   0   0   0|   7|  20  29  32  34  41  42  39  24  20  19|   7| 178 309 342 355 380 381 352 199 161 153|   7| 129 127 136 173 330 364 342 191 152 137|   7|  13  15  16  17  24  25  24  15  13  13|   7|   0   0   0   0   0   0   0   0   0   0|
   8|   0   0   0   0   0   2   0   0   0   0|   8|  26  29  31  35  50 196  48  31  26  26|   8| 183 206 227 261 4041756 382 216 170 166|   8| 156 157 165 209 3751734 380 216 166 157|   8|  20  20  21  23  32 121  32  23  20  20|   8|   0   0   0   0   0  32   0   0   0   0|
   9|   0   0   0   0   0   0   0   0   0   0|   9|  40  43  41  41  60  57  56  45  41  43|   9| 234 227 228 237 377 424 379 230 222 239|   9| 217 208 226 221 377 394 400 228 225 208|   9|  34  33  33  36  41  46  41  34  32  32|   9|   0   0   0   0   0   0   0   0   0   0|
    +----------------------------------------+    +----------------------------------------+    +----------------------------------------+    +----------------------------------------+    +----------------------------------------+    +----------------------------------------+

Matrix 6: Indicates the sprouting of the seeds

Line : 22124 - Time: 00:00:09:000
        0   1   2   3   4   5   6   7   8   9         0   1   2   3   4   5   6   7   8   9         0   1   2   3   4   5   6   7   8   9         0   1   2   3   4   5   6   7   8   9         0   1   2   3   4   5   6   7   8   9         0   1   2   3   4   5   6   7   8   9 
    +----------------------------------------+    +----------------------------------------+    +----------------------------------------+    +----------------------------------------+    +----------------------------------------+    +----------------------------------------+
   0|   0   0   0   0   0   0   0   0   0   0|   0|  50  47  33  32  34  37  36  35  36  49|   0| 420 379 220 205 230 260 261 256 271 411|   0| 429 392 218 201 218 245 237 231 248 411|   0|  33  31  24  23  25  26  25  24  25  32|   0|   0   0   0   0   0   0   0   0   0   0|
   1|   1   0   0   0   0   0   0   0   0   0|   1| 183  42  25  21  22  25  31  37  41  52|   1|1883 391 204 156 165 221 308 387 432 529|   1|2012 410 207 151 149 167 210 259 333 492|   1| 101  25  16  14  14  15  17  19  22  28|   1|  45   0   0   0   0   0   0   0   0   0|
   2|   0   0   0   0   0   0   3   3   3   0|   2|  46  36  19  16  17  25  88 138 142  74|   2| 489 363 177 137 158 279117018361862 875|   2| 478 373 175 128 129 178 277 566 633 731|   2|  24  20  11   9   9  12  32  50  53  33|   2|   0   0   0   0   0   0   6   6   6   0|
   3|   0   0   0   0   0   0   3   3   1   0|   3|  31  20  16  14  16  28 131 333 351  66|   3| 357 216 165 143 173 348181747024654 831|   3| 311 195 143 117 130 209 539 8653227 628|   3|  14  10   8   7   8  11  43 105 125  26|   3|   0   0   0   0   0   0   6  54  45   0|
   4|   0   0   0   0   0   0   3   2   3   0|   4|  25  19  18  16  17  28 128 336 176  59|   4| 303 219 205 188 202 357178646572399 748|   4| 231 147 119 115 136 233 5633129 867 561|   4|  11   8   8   7   8  11  42 111  60  22|   4|   0   0   0   0   0   0   6  36   6   0|
   5|   0   3   3   3   0   0   0   0   0   0|   5|  23  48  50  48  21  26  53  61  57  30|   5| 268 658 692 650 235 310 687 797 742 370|   5| 180 129 117 124 151 225 502 576 550 277|   5|  10  16  16  16   9  11  20  23  21  13|   5|   0   6   6   6   0   0   0   0   0   0|
   6|   0   3   3   3   0   0   0   0   0   0|   6|  22  54 135  60  28  30  31  30  26  22|   6| 236 7091919 765 295 305 328 333 279 232|   6| 142 126 128 158 201 259 283 283 235 186|   6|  11  21  41  23  14  16  16  15  13  11|   6|   0   6  54   6   0   0   0   0   0   0|
   7|   0   3   3   3   0   0   0   0   0   0|   7|  23  59  65  71  53  54  50  28  23  21|   7| 210 672 750 784 484 486 447 244 191 178|   7| 140 137 149 202 412 459 432 232 177 152|   7|  15  28  30  34  31  33  31  18  15  14|   7|   0   6   6   6   0   0   0   0   0   0|
   8|   0   0   0   0   0   2   0   0   0   0|   8|  30  32  35  41  62 258  60  37  30  29|   8| 211 237 266 312 5082279 480 257 195 190|   8| 166 169 180 246 4642241 472 256 187 172|   8|  22  23  24  27  41 161  40  26  22  22|   8|   0   0   0   0   0  36   0   0   0   0|
   9|   0   0   0   0   0   0   0   0   0   0|   9|  50  44  45  53  65  74  69  51  47  41|   9| 260 262 277 270 484 520 472 259 255 244|   9| 255 231 252 249 447 491 479 278 238 252|   9|  35  38  37  35  48  52  50  37  35  34|   9|   0   0   0   0   0   0   0   0   0   0|
    +----------------------------------------+    +----------------------------------------+    +----------------------------------------+    +----------------------------------------+    +----------------------------------------+    +----------------------------------------+

Same as the previous step

Line : 24162 - Time: 00:00:10:000
        0   1   2   3   4   5   6   7   8   9         0   1   2   3   4   5   6   7   8   9         0   1   2   3   4   5   6   7   8   9         0   1   2   3   4   5   6   7   8   9         0   1   2   3   4   5   6   7   8   9         0   1   2   3   4   5   6   7   8   9 
    +----------------------------------------+    +----------------------------------------+    +----------------------------------------+    +----------------------------------------+    +----------------------------------------+    +----------------------------------------+
   0|   0   0   0   0   0   0   0   0   0   0|   0|  62  58  38  37  40  44  44  43  43  61|   0| 531 477 263 246 279 325 327 322 338 523|   0| 543 490 257 232 258 294 289 279 305 519|   0|  40  38  27  26  28  30  30  28  29  38|   0|   0   0   0   0   0   0   0   0   0   0|
   1|   1   0   0   0   0   0   0   0   0   0|   1| 245  53  30  24  25  35  50  65  67  75|   1|2503 503 248 184 201 339 553 753 762 797|   1|2639 522 251 175 174 201 263 333 434 641|   1| 136  32  19  16  16  20  25  30  32  39|   1|  50   0   0   0   0   0   0   0   0   0|
   2|   0   0   0   0   0   0   3   3   3   0|   2|  61  46  23  18  20  43 176 277 275 110|   2| 659 472 217 164 198 5152380372336311324|   2| 626 478 211 148 151 221 363 768 859 983|   2|  31  25  13  11  11  18  62  98 101  47|   2|   0   0   0   0   0   0  12  12  12   0|
   3|   0   0   0   0   0   0   3   3   1   0|   3|  42  26  19  16  20  53 263 531 534 108|   3| 489 277 201 172 220 6993680744771441391|   3| 406 241 168 132 153 266 72911854463 852|   3|  19  13  10   8   9  19  85 170 189  41|   3|   0   0   0   0   0   0  12  60  50   0|
   4|   0   0   0   0   0   0   3   2   3   0|   4|  36  28  28  24  24  50 248 512 334  91|   4| 441 343 348 295 289 6573484711345901186|   4| 295 175 134 128 160 299 76043161187 759|   4|  14  11  11  10  10  18  80 169 112  34|   4|   0   0   0   0   0   0  12  40  12   0|
   5|   0   3   3   3   0   0   0   0   0   0|   5|  34  87  95  86  30  40  80 100  88  49|   5| 416121613401202 367 501106213341173 619|   5| 220 146 129 139 178 284 672 776 740 359|   5|  14  28  30  28  13  16  29  36  32  19|   5|   0  12  12  12   0   0   0   0   0   0|
   6|   0   3   3   3   0   0   0   0   0   0|   6|  34 103 195 114  43  38  40  40  33  27|   6| 392136927431476 480 398 438 450 374 301|   6| 163 139 141 182 243 325 361 363 296 227|   6|  15  37  62  43  21  20  20  19  16  14|   6|   0  12  60  12   0   0   0   0   0   0|
   7|   0   3   3   3   0   0   0   0   0   0|   7|  33 105 122 127  73  69  64  35  27  25|   7| 319123114431440 691 624 573 306 233 213|   7| 154 149 166 238 516 580 546 284 209 173|   7|  19  48  54  60  42  42  39  22  17  16|   7|   0  12  12  12   0   0   0   0   0   0|
   8|   0   0   0   0   0   2   0   0   0   0|   8|  37  43  49  54  81 337  76  44  34  33|   8| 274 349 426 460 6812948 605 311 224 215|   8| 186 187 202 289 5792881 593 306 216 193|   8|  26  28  31  34  51 212  50  31  25  24|   8|   0   0   0   0   0  40   0   0   0   0|
   9|   0   0   0   0   0   0   0   0   0   0|   9|  48  55  48  55  85  87  81  57  46  50|   9| 307 313 281 330 609 632 580 335 303 307|   9| 294 286 260 321 554 623 562 329 268 295|   9|  42  41  36  41  58  52  50  42  37  40|   9|   0   0   0   0   0   0   0   0   0   0|
    +----------------------------------------+    +----------------------------------------+    +----------------------------------------+    +----------------------------------------+    +----------------------------------------+    +----------------------------------------+

